Cycles	NSpins	Temp	MeanE		EnergyVar	MeanM		MVar		MeanAbsM	Cv		X		Time
100000	20	2.000	-1.745218	0.736429	0.000315	-214.287272	0.910815	0.184107	0.455407	124.281
100000	20	2.050	-1.705994	0.850588	0.890886	-104.006634	0.890904	0.202400	0.434587	124.281
100000	20	2.100	-1.662295	0.982502	-0.868931	-101.326583	0.868935	0.222790	0.413779	124.281
100000	20	2.150	-1.609671	1.146473	0.126436	-98.139300	0.835281	0.248020	0.388503	124.281
100000	20	2.200	-1.547990	1.371083	-0.560570	-94.095015	0.786714	0.283282	0.357597	124.281
100000	20	2.250	-1.479151	1.495377	0.065095	-90.802660	0.731987	0.295383	0.325328	124.281
100000	20	2.300	-1.399470	1.605422	-0.196357	-86.193243	0.648303	0.303482	0.281871	124.281
100000	40	2.000	-1.743436	0.888510	0.905974	2.544587	0.905975	0.222127	0.452987	501.276
100000	40	2.050	-1.704956	0.974697	-0.000399	2.837008	0.887931	0.231933	0.433137	501.276
100000	40	2.100	-1.659552	1.117527	-0.002230	3.659512	0.862761	0.253408	0.410839	501.276
100000	40	2.150	-1.607141	1.295918	-0.002214	5.582005	0.826704	0.280350	0.384513	501.276
100000	40	2.200	-1.546318	1.469145	-0.007304	4.991699	0.784333	0.303542	0.356515	501.276
100000	40	2.250	-1.469574	1.814753	0.156195	12.640907	0.700838	0.358470	0.311484	501.276
100000	40	2.300	-1.378119	1.980525	-0.051533	25.644284	0.563568	0.374390	0.245029	501.276
100000	20	2.100	-1.660249	0.984639	0.865835	1.185351	0.866215	0.223274	0.412483	134.22
100000	20	2.150	-1.606454	1.149930	-0.597045	1.910686	0.832185	0.248768	0.387063	134.22
100000	20	2.200	-1.547839	1.316160	-0.230552	2.889112	0.790663	0.271934	0.359392	134.22
100000	20	2.250	-1.471604	1.555382	-0.072123	5.421974	0.718153	0.307236	0.319179	134.22
100000	20	2.300	-1.401020	1.620734	0.086811	6.687600	0.653312	0.306377	0.284049	134.22
100000	20	2.350	-1.316173	1.561251	0.062431	8.462016	0.553491	0.282707	0.235528	134.22
100000	20	2.400	-1.234538	1.432457	0.041168	8.934594	0.448720	0.248690	0.186967	134.22
100000	20	2.100	-1.662088	0.949692	0.869776	0.837840	0.869777	0.215350	0.414179	125.204
100000	20	2.150	-1.608017	1.149052	-0.101456	1.719771	0.834280	0.248578	0.388037	125.204
100000	20	2.200	-1.547976	1.394808	0.382842	3.444943	0.786538	0.288183	0.357517	125.204
100000	20	2.250	-1.474798	1.599328	-0.027707	5.563017	0.720395	0.315917	0.320176	125.204
100000	20	2.300	-1.391764	1.647924	-0.149436	7.681131	0.633750	0.311517	0.275544	125.204
100000	20	2.350	-1.306913	1.600347	-0.026267	9.128114	0.533278	0.289787	0.226927	125.204
100000	20	2.400	-1.236761	1.392302	0.079104	8.678517	0.452050	0.241719	0.188354	125.204
1000000	40	2.100	-1.662058	0.981627	-0.002042	1.593946	0.867915	0.222591	0.413293	5332.91
1000000	40	2.150	-1.609795	1.146265	-0.001139	2.167718	0.835483	0.247975	0.388597	5332.91
1000000	40	2.200	-1.546514	1.395533	0.408217	4.179165	0.785507	0.288333	0.357048	5332.91
1000000	40	2.250	-1.466119	1.809271	-0.052604	13.389443	0.693034	0.357387	0.308015	5332.91
1000000	40	2.300	-1.367401	1.994004	0.011023	28.857912	0.528664	0.376938	0.229854	5332.91
1000000	40	2.350	-1.277312	1.597249	0.030230	27.879977	0.363867	0.289226	0.154837	5332.91
1000000	40	2.400	-1.208047	1.221056	-0.001428	19.033157	0.258976	0.211989	0.107907	5332.91
10000	40	2.100	-1.650554	2.384226	0.266671	12.618362	0.840165	0.540641	0.400079	36.3236
10000	40	2.150	-1.581961	2.500739	-0.198004	33.144783	0.753330	0.540993	0.350386	36.3236
10000	40	2.200	-1.488195	3.588106	0.225970	66.982253	0.562726	0.741344	0.255785	36.3236
10000	40	2.250	-1.467389	2.262094	-0.228901	13.624878	0.698104	0.446833	0.310269	36.3236
10000	40	2.300	-1.356427	2.156910	-0.040653	32.014974	0.488047	0.407734	0.212194	36.3236
1000000	40	2.100	-1.661970	0.988550	-0.289222	1.413738	0.867893	0.224161	0.413282	3760.94
1000000	40	2.150	-1.609730	1.147579	0.278653	1.907867	0.835696	0.248259	0.388696	3760.94
1000000	40	2.200	-1.546200	1.419499	0.261965	4.822525	0.784478	0.293285	0.356581	3760.94
1000000	40	2.250	-1.466089	1.849234	0.077217	15.420456	0.689512	0.365281	0.306450	3760.94
1000000	40	2.300	-1.367603	1.998840	0.009602	28.718763	0.528170	0.377853	0.229639	3760.94
100000	60	2.150	-1.605953	1.582105	0.814342	21.004539	0.817010	0.342262	0.380005	859.026
100000	60	2.200	-1.540886	1.860916	0.243464	20.359902	0.764497	0.384487	0.347499	859.026
100000	60	2.250	-1.457599	2.201364	0.206449	41.380058	0.650432	0.434837	0.289081	859.026
100000	60	2.300	-1.353995	2.190955	0.115283	61.087082	0.439306	0.414169	0.191003	859.026
100000	60	2.350	-1.269432	1.535106	-0.017135	42.964392	0.254522	0.277973	0.108307	859.026
100000	80	2.150	-1.605624	1.853937	-0.272614	25.257059	0.819159	0.401068	0.381004	1520.24
100000	80	2.200	-1.540080	2.096773	0.248034	48.397992	0.752731	0.433218	0.342150	1520.24
100000	80	2.250	-1.462245	2.195188	-0.230755	43.383360	0.668122	0.433617	0.296943	1520.24
100000	80	2.300	-1.351026	2.196994	0.044973	106.044377	0.374637	0.415311	0.162886	1520.24
100000	80	2.350	-1.264713	1.441176	-0.040483	47.235361	0.184885	0.260964	0.078674	1520.24
100000	100	2.150	-1.603248	2.550309	-0.258375	82.713550	0.798653	0.551716	0.371467	2364.18
100000	100	2.200	-1.539987	2.588852	-0.740536	107.009004	0.741634	0.534887	0.337107	2364.18
100000	100	2.250	-1.454085	2.863096	0.195648	120.378239	0.612894	0.565550	0.272398	2364.18
100000	100	2.300	-1.346017	2.253065	-0.159816	142.081511	0.328614	0.425910	0.142876	2364.18
100000	100	2.350	-1.265164	1.470871	-0.035362	49.701758	0.140064	0.266341	0.059602	2364.18
10000	20	2.000	-1.738101	1.032104	-0.293121	1.876373	0.900296	0.258026	0.450148	8.7693
10000	20	2.050	-1.696359	1.213728	0.879731	1.874531	0.879738	0.288811	0.429141	8.7693
10000	20	2.100	-1.652351	1.260780	-0.281747	1.914122	0.857867	0.285891	0.408508	8.7693
10000	20	2.150	-1.602243	1.371014	-0.017166	3.206382	0.819519	0.296596	0.381172	8.7693
50000	20	2.000	-1.744016	0.745332	0.909636	0.530799	0.909688	0.186333	0.454844	119.397
50000	20	2.050	-1.707124	0.846620	-0.893128	0.596982	0.893128	0.201456	0.435672	119.397
50000	20	2.100	-1.658486	1.049730	-0.862551	1.513366	0.862770	0.238034	0.410843	119.397
50000	20	2.150	-1.607175	1.166020	0.415237	2.030856	0.831679	0.252249	0.386828	119.397
50000	20	2.200	-1.544545	1.350826	0.268917	3.300366	0.785199	0.279096	0.356909	119.397
50000	20	2.250	-1.467226	1.649386	0.148228	6.319997	0.706560	0.325805	0.314027	119.397
50000	20	2.300	-1.392542	1.647741	0.019028	7.761694	0.634517	0.311482	0.275877	119.397
50000	20	2.350	-1.314529	1.613773	0.060534	8.557251	0.550639	0.292218	0.234314	119.397
50000	20	2.400	-1.239763	1.363689	0.010930	8.831184	0.455124	0.236752	0.189635	119.397
50000	20	2.450	-1.173362	1.187631	-0.019714	7.843597	0.378675	0.197856	0.154561	119.397
50000	20	2.500	-1.119525	1.001029	-0.010371	6.511496	0.322702	0.160165	0.129081	119.397
50000	20	2.550	-1.068691	0.833333	0.011623	5.148720	0.267666	0.128156	0.104967	119.397
50000	20	2.600	-1.030740	0.754242	-0.025054	4.285019	0.240355	0.111574	0.092444	119.397
